3.191077709197998047e-02 1.131958048790693283e-02 9.109675288200378418e-01 1.491975691169500351e-02 2.755620749667286873e-03 7.820187136530876160e-03 7.640419993549585342e-03 2.031983062624931335e-02 2.377703599631786346e-02 1.417882274836301804e-02 1.041593868285417557e-02 1.009444985538721085e-02
2.118414267897605896e-03 1.665599760599434376e-03 2.398636657744646072e-03 5.574469920247793198e-03 2.211706247180700302e-03 2.463334007188677788e-03 7.714948151260614395e-03 3.159082261845469475e-03 2.044764347374439240e-03 9.688748717308044434e-01 1.500506140291690826e-02 1.498510013334453106e-03
4.175063222646713257e-03 3.897403832525014877e-03 1.445780321955680847e-02 7.917077094316482544e-02 6.887441966682672501e-03 6.225742865353822708e-03 8.623363450169563293e-03 9.070191979408264160e-01 1.405685115605592728e-02 8.402363397181034088e-03 8.898699656128883362e-03 7.759181316941976547e-03
6.494524423032999039e-03 4.683453589677810669e-03 8.537337183952331543e-03 9.899060130119323730e-01 5.067392718046903610e-03 5.081162322312593460e-03 4.143544938415288925e-03 1.505758706480264664e-02 8.102857507765293121e-03 4.997926298528909683e-03 6.650339346379041672e-03 4.428851418197154999e-03
1.893333904445171356e-02 9.254880547523498535e-01 1.202681474387645721e-02 2.001743204891681671e-02 2.161165326833724976e-02 3.702377527952194214e-02 1.732009835541248322e-02 9.042778052389621735e-03 8.303149603307247162e-03 1.028762105852365494e-02 1.290246006101369858e-02 2.022485807538032532e-02
1.852184766903519630e-03 1.766691682860255241e-03 2.230199286714196205e-03 7.914892397820949554e-03 1.820787787437438965e-03 2.678014105185866356e-03 7.302408106625080109e-03 3.001963021233677864e-03 1.828813110478222370e-03 9.686725139617919922e-01 1.130353845655918121e-02 1.394804101437330246e-03
5.439427215605974197e-03 4.606153815984725952e-03 6.858712527900934219e-03 9.882537126541137695e-01 5.147206597030162811e-03 5.175002384930849075e-03 4.296033177524805069e-03 1.535580586642026901e-02 6.644350476562976837e-03 4.545481875538825989e-03 5.615055561065673828e-03 4.381131846457719803e-03
2.693395316600799561e-02 9.366355538368225098e-01 1.736572757363319397e-02 2.319933287799358368e-02 2.391938120126724243e-02 2.631317265331745148e-02 2.192460186779499054e-02 1.015119440853595734e-02 8.920657448470592499e-03 1.199253275990486145e-02 1.721651107072830200e-02 2.381297759711742401e-02
5.636937916278839111e-03 7.136187516152858734e-03 1.421214197762310505e-03 9.913950227200984955e-03 9.473955631256103516e-01 1.066116895526647568e-02 1.540054287761449814e-02 7.728725671768188477e-03 6.211506668478250504e-03 1.167168095707893372e-02 9.598277509212493896e-03 1.657949760556221008e-02
5.836789030581712723e-03 6.714320741593837738e-03 1.380570232868194580e-03 1.100564282387495041e-02 9.433358311653137207e-01 1.030781399458646774e-02 1.546825747936964035e-02 7.877113297581672668e-03 5.801110062748193741e-03 1.242673303931951523e-02 9.249830618500709534e-03 1.457891333848237991e-02
1.774429110810160637e-03 1.489212503656744957e-03 2.072287490591406822e-03 4.419958218932151794e-03 2.876317594200372696e-03 2.042885404080152512e-03 1.022305618971586227e-02 3.455151803791522980e-03 2.116207033395767212e-03 9.688326120376586914e-01 1.212211698293685913e-02 1.412063953466713428e-03
1.722435932606458664e-03 1.396000036038458347e-03 2.102869562804698944e-03 4.802451934665441513e-03 2.280679764226078987e-03 1.979563152417540550e-03 1.085541490465402603e-02 3.668820485472679138e-03 2.101448131725192070e-03 9.643769860267639160e-01 1.093184575438499451e-02 1.329355407506227493e-03
6.288530770689249039e-03 7.896824739873409271e-03 1.577202929183840752e-03 1.149346400052309036e-02 9.504381418228149414e-01 1.048188749700784683e-02 1.471778191626071930e-02 8.559415116906166077e-03 6.763171870261430740e-03 1.163800526410341263e-02 1.013172697275876999e-02 1.575235463678836823e-02
2.021504798904061317e-03 1.846387051045894623e-03 2.159916795790195465e-03 5.898677278310060501e-03 2.391191665083169937e-03 2.108231885358691216e-03 1.931020244956016541e-02 3.919175360351800919e-03 2.520421752706170082e-03 9.714979529380798340e-01 8.767246268689632416e-03 1.657290151342749596e-03
8.046539500355720520e-03 1.019067503511905670e-02 1.008830592036247253e-02 1.382539514452219009e-02 1.327895373106002808e-02 7.963437587022781372e-03 1.099118776619434357e-02 1.434600166976451874e-02 1.141796261072158813e-02 8.477607741951942444e-03 5.834511946886777878e-03 9.363206624984741211e-01
4.939914215356111526e-03 4.384575877338647842e-03 1.602620817720890045e-02 7.032933086156845093e-02 8.565170690417289734e-03 7.268112152814865112e-03 1.052034087479114532e-02 9.254173040390014648e-01 1.564530283212661743e-02 1.019704062491655350e-02 5.910575855523347855e-03 1.012005098164081573e-02
1.774364151060581207e-03 1.569649786688387394e-03 2.143461490049958229e-03 6.777626927942037582e-03 2.195749199017882347e-03 1.970550278201699257e-03 1.058011874556541443e-02 3.382311901077628136e-03 2.110803499817848206e-03 9.647209048271179199e-01 9.673088788986206055e-03 1.409805845469236374e-03
1.962483162060379982e-03 1.584042445756494999e-03 2.079871715977787971e-03 7.988418452441692352e-03 2.085082000121474266e-03 2.236151136457920074e-03 8.518798276782035828e-03 3.007296705618500710e-03 1.807876746170222759e-03 9.688187241554260254e-01 1.281534973531961441e-02 1.440382562577724457e-03
6.265408825129270554e-03 5.195321049541234970e-03 1.802160218358039856e-02 4.626033082604408264e-02 1.115109398961067200e-02 7.636166177690029144e-03 1.224717497825622559e-02 9.366290569305419922e-01 1.926876790821552277e-02 1.215887721627950668e-02 9.323788806796073914e-03 1.080738194286823273e-02
1.639779424294829369e-03 1.633496605791151524e-03 1.810073154047131538e-03 1.040632091462612152e-02 2.038731705397367477e-03 2.568237949162721634e-03 7.055081427097320557e-03 2.698037307709455490e-03 1.708119409158825874e-03 9.666474461555480957e-01 1.131741330027580261e-02 1.371568418107926846e-03
1.614819280803203583e-03 1.423436217010021210e-03 1.827223692089319229e-03 5.411725491285324097e-03 1.922925701364874840e-03 2.347524976357817650e-03 8.774625137448310852e-03 3.160980762913823128e-03 1.922076800838112831e-03 9.627432227134704590e-01 1.997704617679119110e-02 1.182363834232091904e-03
2.009961521252989769e-03 1.855008653365075588e-03 2.290167380124330521e-03 7.163110654801130295e-03 2.627088222652673721e-03 2.686410909518599510e-03 9.251325391232967377e-03 3.080162685364484787e-03 1.948771299794316292e-03 9.727002978324890137e-01 1.087338011711835861e-02 1.749637071043252945e-03
4.762513190507888794e-02 1.379227731376886368e-02 9.221163988113403320e-01 1.741310767829418182e-02 2.508027944713830948e-03 8.087385445833206177e-03 6.659152451902627945e-03 1.400092057883739471e-02 2.067291550338268280e-02 1.097933948040008545e-02 1.018915884196758270e-02 9.261102415621280670e-03
5.413311999291181564e-03 3.971294499933719635e-03 2.599213039502501488e-03 2.451298059895634651e-03 5.310975946485996246e-03 6.249895319342613220e-03 9.709178805351257324e-01 6.156255956739187241e-03 6.223672069609165192e-03 1.651196181774139404e-02 3.125175600871443748e-03 2.694015158340334892e-03
2.081586746498942375e-03 1.751847914420068264e-03 2.259835368022322655e-03 9.007744491100311279e-03 2.184775890782475471e-03 2.372649963945150375e-03 7.153384853154420853e-03 2.933352952823042870e-03 1.852969406172633171e-03 9.648529291152954102e-01 1.175960246473550797e-02 1.546701532788574696e-03
1.949178637005388737e-03 1.858303090557456017e-03 1.698107807897031307e-03 4.551233258098363876e-03 4.862410482019186020e-03 2.388599794358015060e-03 7.759967818856239319e-03 2.238556975498795509e-03 1.739915693178772926e-03 9.614324569702148438e-01 2.179599367082118988e-02 1.735559781081974506e-03
8.834109641611576080e-03 5.234147422015666962e-03 8.471763134002685547e-02 1.247691921889781952e-02 6.535919848829507828e-03 3.412790130823850632e-03 1.120942924171686172e-02 1.089980825781822205e-02 9.202042818069458008e-01 8.729731664061546326e-03 1.808840781450271606e-02 1.433748845010995865e-02
9.052902460098266602e-03 1.275485847145318985e-02 1.026799622923135757e-02 8.960288017988204956e-03 1.459075603634119034e-02 8.414462208747863770e-03 1.024195272475481033e-02 1.206966582685709000e-02 9.808784350752830505e-03 6.946265231817960739e-03 4.881927277892827988e-03 9.367662668228149414e-01
1.850934000685811043e-03 1.549585605971515179e-03 2.145811449736356735e-03 5.902053322643041611e-03 1.909414189867675304e-03 2.318147104233503342e-03 8.504304103553295135e-03 3.154559526592493057e-03 2.016341779381036758e-03 9.666630029678344727e-01 1.253433898091316223e-02 1.296427799388766289e-03
6.202199961990118027e-03 5.688773468136787415e-03 2.416202239692211151e-02 2.648532018065452576e-02 1.040539704263210297e-02 7.101779337972402573e-03 1.176378317177295685e-02 9.150742292404174805e-01 1.594612747430801392e-02 9.664674289524555206e-03 8.544872514903545380e-03 1.134599931538105011e-02
6.605119444429874420e-03 5.123466718941926956e-03 2.970938105136156082e-03 2.461102791130542755e-03 5.006270948797464371e-03 6.509389728307723999e-03 9.698946475982666016e-01 6.775894202291965485e-03 7.705350406467914581e-03 8.493415080010890961e-03 3.089690580964088440e-03 2.774427644908428192e-03
6.068346556276082993e-03 7.543070707470178604e-03 1.580970128998160362e-03 1.253505982458591461e-02 9.486337304115295410e-01 1.034417189657688141e-02 1.312906015664339066e-02 8.287223987281322479e-03 6.632608827203512192e-03 1.178272161632776260e-02 1.021379698067903519e-02 1.721736788749694824e-02
8.878607302904129028e-03 6.265058182179927826e-03 4.972961544990539551e-02 2.589962817728519440e-02 8.443463593721389771e-03 4.759209696203470230e-03 1.138254813849925995e-02 1.491406094282865524e-02 9.492207169532775879e-01 1.157586276531219482e-02 2.706806361675262451e-02 1.821561157703399658e-02
8.309021592140197754e-01 1.300335023552179337e-02 9.957204759120941162e-02 7.487076800316572189e-03 7.467398419976234436e-03 5.236300174146890640e-03 1.266325078904628754e-02 6.556821521371603012e-03 4.468100145459175110e-03 6.611724384129047394e-03 8.450995199382305145e-03 7.833202369511127472e-03
7.498030085116624832e-03 9.309965185821056366e-03 9.825248271226882935e-03 1.730684004724025726e-02 1.057522743940353394e-02 6.645304616540670395e-03 9.246309287846088409e-03 1.453731395304203033e-02 1.036712434142827988e-02 7.131044287234544754e-03 5.044505000114440918e-03 9.147908091545104980e-01
6.452172994613647461e-03 4.241542890667915344e-03 2.884283894672989845e-03 2.307917922735214233e-03 4.952039569616317749e-03 5.699690897017717361e-03 9.708494544029235840e-01 6.541005801409482956e-03 6.872344762086868286e-03 1.007738709449768066e-02 3.072149353101849556e-03 2.833164064213633537e-03
6.006607320159673691e-03 3.950145095586776733e-03 3.885390982031822205e-02 1.587196812033653259e-02 7.381356321275234222e-03 3.528060624375939369e-03 1.352731790393590927e-02 1.339867897331714630e-02 9.367420077323913574e-01 9.302332997322082520e-03 2.081365138292312622e-02 1.549191400408744812e-02
5.373276304453611374e-03 6.641487590968608856e-03 1.373710343614220619e-03 1.221531722694635391e-02 9.439451098442077637e-01 1.085207704454660416e-02 1.393168233335018158e-02 8.120486512780189514e-03 6.148593500256538391e-03 1.218529045581817627e-02 9.652660228312015533e-03 1.537895295768976212e-02
6.823702715337276459e-03 4.523306153714656830e-03 2.748508006334304810e-03 2.121772384271025658e-03 5.086840596050024033e-03 6.439600605517625809e-03 9.704504013061523438e-01 6.678262259811162949e-03 5.805657710880041122e-03 1.851367205381393433e-02 3.494458738714456558e-03 2.538836328312754631e-03
6.198454182595014572e-03 4.883966408669948578e-03 2.463432401418685913e-02 2.146485075354576111e-02 8.517135865986347198e-03 4.485954530537128448e-03 1.621855236589908600e-02 1.599697582423686981e-02 9.494314193725585938e-01 1.096292678266763687e-02 2.328832820057868958e-02 1.650507189333438873e-02
5.913860630244016647e-03 5.276263691484928131e-03 6.943450309336185455e-03 9.902745485305786133e-01 5.732624325901269913e-03 5.001914221793413162e-03 5.796964745968580246e-03 1.371582131832838058e-02 1.011485513299703598e-02 5.509932525455951691e-03 5.991599988192319870e-03 5.546102300286293030e-03
6.640033796429634094e-03 3.552103787660598755e-02 7.239186204969882965e-03 2.764918841421604156e-02 4.772170912474393845e-03 8.893080353736877441e-01 9.002688340842723846e-03 7.377329748123884201e-03 2.825695788487792015e-03 9.677717462182044983e-03 8.852274157106876373e-03 6.069620605558156967e-03
1.919369795359671116e-03 1.821575802750885487e-03 2.099589211866259575e-03 3.727974370121955872e-03 3.390424419194459915e-03 2.278820844367146492e-03 1.416909601539373398e-02 2.833942882716655731e-03 2.701096469536423683e-03 9.643652439117431641e-01 1.959597133100032806e-02 1.814465620554983616e-03
7.651954889297485352e-03 7.556447293609380722e-03 6.206198595464229584e-03 1.785469055175781250e-02 1.187201868742704391e-02 6.803412456065416336e-03 8.425218053162097931e-03 5.729219876229763031e-03 8.469379507005214691e-03 1.865276321768760681e-02 9.504849910736083984e-01 3.953298088163137436e-03
1.780108199454843998e-03 1.651393831707537174e-03 7.133023464120924473e-04 9.940828895196318626e-04 1.729406416416168213e-02 2.558791311457753181e-03 1.121447682380676270e-01 2.426439430564641953e-03 1.486360561102628708e-03 7.159107327461242676e-01 3.716191276907920837e-03 1.701007480733096600e-03
3.637394867837429047e-03 2.550895325839519501e-03 1.708030933514237404e-03 2.102704485878348351e-03 5.455113016068935394e-03 4.294977057725191116e-03 9.269673824310302734e-01 6.573677994310855865e-03 4.583010915666818619e-03 6.140852719545364380e-02 4.753979388624429703e-03 1.976717496290802956e-03
6.654262542724609375e-03 4.217033740133047104e-03 5.378811806440353394e-02 1.589602790772914886e-02 6.885906215757131577e-03 3.715769154950976372e-03 1.498475670814514160e-02 1.702080108225345612e-02 9.386533498764038086e-01 8.954963646829128265e-03 1.895965635776519775e-02 1.492445357143878937e-02
1.692342106252908707e-03 1.690523931756615639e-03 1.938946894370019436e-03 6.515433080494403839e-03 3.043259959667921066e-03 2.093053422868251801e-03 7.541485596448183060e-03 2.856915583834052086e-03 2.220311900600790977e-03 9.623007774353027344e-01 2.069109305739402771e-02 1.623347983695566654e-03
7.360033690929412842e-03 4.098053090274333954e-03 2.738130511716008186e-03 2.377185970544815063e-03 5.557791795581579208e-03 6.143132690340280533e-03 9.710516333580017090e-01 6.371342111378908157e-03 4.844411741942167282e-03 1.537606585770845413e-02 3.193691140040755272e-03 2.643660875037312508e-03
1.588172651827335358e-02 9.213390946388244629e-01 1.016944181174039841e-02 1.423823833465576172e-02 2.294887043535709381e-02 3.950702026486396790e-02 2.110808528959751129e-02 7.874605245888233185e-03 7.428101263940334320e-03 9.440623223781585693e-03 1.070607919245958328e-02 2.097869105637073517e-02
1.632367726415395737e-03 1.495700911618769169e-03 1.962839160114526749e-03 4.954131320118904114e-03 2.323598135262727737e-03 1.851328765042126179e-03 1.340012811124324799e-02 3.568348241969943047e-03 2.276595216244459152e-03 9.658964872360229492e-01 1.029004435986280441e-02 1.364686177112162113e-03
1.693063299171626568e-03 1.786027918569743633e-03 1.865035388618707657e-03 7.404969539493322372e-03 2.993326866999268532e-03 2.174656838178634644e-03 1.069587655365467072e-02 2.888346090912818909e-03 2.108609769493341446e-03 9.696089625358581543e-01 1.372004672884941101e-02 1.720082014799118042e-03
3.097673878073692322e-02 9.347387552261352539e-01 1.592826098203659058e-02 1.918454654514789581e-02 2.178560569882392883e-02 3.017253987491130829e-02 2.152040228247642517e-02 9.022994898259639740e-03 8.182915858924388885e-03 1.070990692824125290e-02 1.624581962823867798e-02 2.063922770321369171e-02
1.664144452661275864e-03 1.487558474764227867e-03 1.852309680543839931e-03 6.976393051445484161e-03 2.688039094209671021e-03 2.063650637865066528e-03 1.050088647753000259e-02 2.966487780213356018e-03 1.829205779358744621e-03 9.691372513771057129e-01 9.422955103218555450e-03 1.486652065068483353e-03
2.325434936210513115e-03 1.817099750041961670e-03 2.231914550065994263e-03 5.595338065177202225e-03 2.471139188855886459e-03 2.399052027612924576e-03 6.995204370468854904e-03 2.561860019341111183e-03 2.045960631221532822e-03 9.534429907798767090e-01 3.606278821825981140e-02 1.621494884602725506e-03
9.108109399676322937e-03 6.824209820479154587e-03 4.307649657130241394e-02 2.825062908232212067e-02 9.365391917526721954e-03 5.134126171469688416e-03 1.368618756532669067e-02 1.513593085110187531e-02 9.530716538429260254e-01 1.266488432884216309e-02 2.741567231714725494e-02 1.856774650514125824e-02
8.131132461130619049e-03 5.675612948834896088e-03 3.679802641272544861e-02 2.203545533120632172e-02 8.452697657048702240e-03 4.763931967318058014e-03 1.375480648130178452e-02 1.464593037962913513e-02 9.504452347755432129e-01 1.021503563970327377e-02 2.294636890292167664e-02 1.750462688505649567e-02
6.591682322323322296e-03 4.755534231662750244e-03 2.505924319848418236e-03 2.596661448478698730e-03 6.060790270566940308e-03 8.139012381434440613e-03 9.696718454360961914e-01 6.634453311562538147e-03 4.824986681342124939e-03 1.092453207820653915e-02 2.941896207630634308e-03 2.921512816101312637e-03
6.017255596816539764e-03 7.455814629793167114e-03 1.484535052441060543e-03 1.184650976210832596e-02 9.476008415222167969e-01 1.035049930214881897e-02 1.348148472607135773e-02 8.132467046380043030e-03 6.441294215619564056e-03 1.223977003246545792e-02 1.014674920588731766e-02 1.660010404884815216e-02
5.329906940460205078e-03 4.555129911750555038e-03 1.733126118779182434e-02 6.862203031778335571e-02 8.773409761488437653e-03 7.786324713379144669e-03 1.132773701101541519e-02 9.294455051422119141e-01 1.765025034546852112e-02 1.141661219298839569e-02 6.299920845776796341e-03 1.060053333640098572e-02
9.170342236757278442e-03 1.270240731537342072e-02 9.852085262537002563e-03 1.009192969650030136e-02 1.537997927516698837e-02 7.909476757049560547e-03 1.074483897536993027e-02 1.257554255425930023e-02 1.042268984019756317e-02 7.635486777871847153e-03 5.639517679810523987e-03 9.411646723747253418e-01
6.079121027141809464e-03 6.629043724387884140e-03 8.077224716544151306e-03 9.905104041099548340e-01 5.514009855687618256e-03 6.709809880703687668e-03 4.918634891510009766e-03 1.273100636899471283e-02 9.770488366484642029e-03 5.048895720392465591e-03 5.633292719721794128e-03 5.719837732613086700e-03
5.575915798544883728e-03 4.970898386090993881e-03 7.453933823853731155e-03 9.900456070899963379e-01 5.272272974252700806e-03 5.111429840326309204e-03 4.524641670286655426e-03 1.237638574093580246e-02 1.063298527151346207e-02 4.518496803939342499e-03 8.311500772833824158e-03 5.263143684715032578e-03
2.597308484837412834e-03 2.368351444602012634e-03 1.673873397521674633e-03 1.295911148190498352e-03 4.641700536012649536e-03 2.614732366055250168e-03 4.060398414731025696e-02 1.731921103782951832e-03 2.108068205416202545e-03 9.220394492149353027e-01 1.415838953107595444e-02 1.421627821400761604e-03
1.496295561082661152e-03 1.507018692791461945e-03 1.618372625671327114e-03 5.012933164834976196e-03 2.788200974464416504e-03 2.121458761394023895e-03 1.342841144651174545e-02 2.970474539324641228e-03 2.033180324360728264e-03 9.676023125648498535e-01 1.188280805945396423e-02 1.532318652607500553e-03
5.941711366176605225e-03 5.608368664979934692e-03 8.060603402554988861e-03 9.896726608276367188e-01 5.724582355469465256e-03 5.806029774248600006e-03 4.839862231165170670e-03 1.317916624248027802e-02 1.006227172911167145e-02 4.625351633876562119e-03 7.007905747741460800e-03 5.978470668196678162e-03
2.183358417823910713e-03 1.829056069254875183e-03 2.161303767934441566e-03 8.648947812616825104e-03 2.324997680261731148e-03 2.598861930891871452e-03 9.111303836107254028e-03 2.884662477299571037e-03 1.694266917183995247e-03 9.708351492881774902e-01 9.258674457669258118e-03 1.498254714533686638e-03
5.996310152113437653e-03 4.532806109637022018e-03 6.059701088815927505e-03 9.880766868591308594e-01 4.513718187808990479e-03 5.062322597950696945e-03 3.664934076368808746e-03 1.279983762651681900e-02 6.392459385097026825e-03 5.606024060398340225e-03 6.603755522519350052e-03 3.945738542824983597e-03
6.634821649640798569e-03 3.035010583698749542e-02 6.589784286916255951e-03 1.770343258976936340e-02 8.277056738734245300e-03 9.080905318260192871e-01 9.372314438223838806e-03 8.988469839096069336e-03 3.053718712180852890e-03 7.904536090791225433e-03 9.840977378189563751e-03 7.160656154155731201e-03
2.146095596253871918e-02 9.339732527732849121e-01 1.425830274820327759e-02 2.293444611132144928e-02 2.354461140930652618e-02 3.175739198923110962e-02 2.052435092628002167e-02 9.369211271405220032e-03 1.028778217732906342e-02 1.264589559286832809e-02 1.389694120734930038e-02 2.201132103800773621e-02
2.322549745440483093e-02 9.414488077163696289e-01 1.647297292947769165e-02 2.505978941917419434e-02 2.256359718739986420e-02 3.160500153899192810e-02 2.108018845319747925e-02 1.054630894213914871e-02 9.591919369995594025e-03 1.347960811108350754e-02 1.880056783556938171e-02 2.296354994177818298e-02
8.909438736736774445e-03 1.302362699061632156e-02 8.447452448308467865e-03 9.133436717092990875e-03 1.978818327188491821e-02 8.564730174839496613e-03 9.677137248218059540e-03 1.096555311232805252e-02 8.826171979308128357e-03 6.310967262834310532e-03 4.707979504019021988e-03 9.373269081115722656e-01
6.702967453747987747e-03 5.024131387472152710e-03 3.361025452613830566e-02 2.128114737570285797e-02 8.424875326454639435e-03 4.526495467871427536e-03 1.320458669215440750e-02 1.616507023572921753e-02 9.482734203338623047e-01 1.082024909555912018e-02 2.472075633704662323e-02 1.758655160665512085e-02
8.514335155487060547e-01 1.472688280045986176e-02 1.178197488188743591e-01 9.252679534256458282e-03 5.972839891910552979e-03 6.699326913803815842e-03 1.499501522630453110e-02 6.850502919405698776e-03 4.980875179171562195e-03 8.488108403980731964e-03 7.730379234999418259e-03 8.745633065700531006e-03
1.966165937483310699e-02 9.351451396942138672e-01 1.445424277335405350e-02 2.265319041907787323e-02 2.383408136665821075e-02 3.328602761030197144e-02 2.041491866111755371e-02 9.497481398284435272e-03 1.085533201694488525e-02 1.350652053952217102e-02 1.536356005817651749e-02 2.278789132833480835e-02
2.108697313815355301e-03 2.318512182682752609e-03 2.257270505651831627e-03 8.805951103568077087e-03 2.357217017561197281e-03 3.100103698670864105e-03 9.366176091134548187e-03 2.824519062414765358e-03 2.217721892520785332e-03 9.732701778411865234e-01 1.129265129566192627e-02 2.118884818628430367e-03
6.622415501624345779e-03 5.101732444018125534e-03 2.978690341114997864e-02 2.339460141956806183e-02 8.814983069896697998e-03 4.651753231883049011e-03 1.450956985354423523e-02 1.561398245394229889e-02 9.499180912971496582e-01 1.210440415889024734e-02 2.662845142185688019e-02 1.794455945491790771e-02
1.467583421617746353e-02 5.722680129110813141e-03 4.104066640138626099e-03 1.749710296280682087e-03 4.237178713083267212e-03 5.388774909079074860e-03 9.620188474655151367e-01 4.975025076419115067e-03 5.750897806137800217e-03 6.263975054025650024e-03 2.591249300166964531e-03 2.793584950268268585e-03
6.343041080981492996e-03 5.321768112480640411e-03 6.827419623732566833e-03 9.890155196189880371e-01 5.298372823745012283e-03 5.566840991377830505e-03 4.775485489517450333e-03 1.278853882104158401e-02 7.259636651724576950e-03 4.991874098777770996e-03 5.930133163928985596e-03 5.091316998004913330e-03
6.145534571260213852e-03 7.794223725795745850e-03 1.494002644903957844e-03 1.097265072166919708e-02 9.483468532562255859e-01 1.130541507154703140e-02 1.389095094054937363e-02 8.071614429354667664e-03 6.431889254599809647e-03 1.098591182380914688e-02 9.904640726745128632e-03 1.599071733653545380e-02
5.667868070304393768e-03 5.242212675511837006e-03 1.759122498333454132e-02 4.553329944610595703e-02 8.529349230229854584e-03 7.038278970867395401e-03 1.258163154125213623e-02 9.303538203239440918e-01 1.777078211307525635e-02 1.102175377309322357e-02 7.095091044902801514e-03 1.122458651661872864e-02
7.749652955681085587e-03 7.391040213406085968e-03 5.885352380573749542e-03 2.645446918904781342e-02 1.222392730414867401e-02 7.740682456642389297e-03 8.147601038217544556e-03 6.708738859742879868e-03 8.615992031991481781e-03 1.971744559705257416e-02 9.514485597610473633e-01 3.644480369985103607e-03
8.751710876822471619e-03 1.220833323895931244e-02 9.191083721816539764e-03 1.189365237951278687e-02 1.691332831978797913e-02 8.356592617928981781e-03 1.015235856175422668e-02 1.247744914144277573e-02 9.953800588846206665e-03 6.659559439867734909e-03 4.965855740010738373e-03 9.406123161315917969e-01
5.742463283240795135e-03 6.689329631626605988e-03 1.463918364606797695e-03 1.124300807714462280e-02 9.479811191558837891e-01 8.849429897964000702e-03 1.519793923944234848e-02 7.607280742377042770e-03 6.481077522039413452e-03 1.569659076631069183e-02 1.111182291060686111e-02 1.608270779252052307e-02
1.562310033477842808e-03 1.412262907251715660e-03 1.844638143666088581e-03 3.599456744268536568e-03 3.276707371696829796e-03 1.981816953048110008e-03 1.326608937233686447e-02 3.538045799359679222e-03 2.475239103659987450e-03 9.657503366470336914e-01 1.444636471569538116e-02 1.435220474377274513e-03
7.738833315670490265e-03 3.459539730101823807e-03 2.621570602059364319e-03 1.987871713936328888e-03 4.682864993810653687e-03 4.823240451514720917e-03 9.530856609344482422e-01 4.816998261958360672e-03 3.528350498527288437e-03 4.242847114801406860e-02 2.794815460219979286e-03 2.143347170203924179e-03
5.036758724600076675e-03 4.323835950344800949e-03 6.809366401284933090e-03 9.889023900032043457e-01 4.569606855511665344e-03 4.256566986441612244e-03 4.430196713656187057e-03 1.573144644498825073e-02 8.253655396401882172e-03 4.464765079319477081e-03 6.431212648749351501e-03 3.820801153779029846e-03
2.099880948662757874e-03 1.960700144991278648e-03 2.205474069342017174e-03 6.356416735798120499e-03 2.552669961005449295e-03 2.602342283353209496e-03 8.607162162661552429e-03 2.835858380421996117e-03 1.999828033149242401e-03 9.731902480125427246e-01 9.469543583691120148e-03 1.748915179632604122e-03
2.438078634440898895e-02 1.375811826437711716e-02 9.120219945907592773e-01 1.752837747335433960e-02 3.042824333533644676e-03 9.978863410651683807e-03 8.350810036063194275e-03 2.998016402125358582e-02 3.455569222569465637e-02 1.576090417802333832e-02 1.173622347414493561e-02 1.220429223030805588e-02
7.715864572674036026e-03 3.070212341845035553e-02 8.315833285450935364e-03 2.177292294800281525e-02 7.818249054253101349e-03 9.172005653381347656e-01 1.183883100748062134e-02 1.079888641834259033e-02 3.767414251342415810e-03 8.213665336370468140e-03 9.810748510062694550e-03 7.721616420894861221e-03
7.397581357508897781e-03 5.727981217205524445e-03 4.918950796127319336e-02 2.060266211628913879e-02 7.614364847540855408e-03 4.103332292288541794e-03 1.162934862077236176e-02 1.292333193123340607e-02 9.399711489677429199e-01 1.037954818457365036e-02 2.533585391938686371e-02 1.675085164606571198e-02
2.099162433296442032e-03 1.997254556044936180e-03 2.107085427269339561e-03 1.182502787560224533e-02 2.275892300531268120e-03 2.993598580360412598e-03 9.695424698293209076e-03 2.564250724390149117e-03 1.588523853570222855e-03 9.686513543128967285e-01 8.283481933176517487e-03 1.606516423635184765e-03
1.779700745828449726e-03 1.781154191121459007e-03 2.120818709954619408e-03 7.300462108105421066e-03 2.252764534205198288e-03 2.590494928881525993e-03 9.195101447403430939e-03 3.474764525890350342e-03 2.202850999310612679e-03 9.690549969673156738e-01 1.367074251174926758e-02 1.530978479422628880e-03
2.510679326951503754e-02 1.050929352641105652e-02 9.086129069328308105e-01 3.587992489337921143e-02 2.435431350022554398e-03 8.140933699905872345e-03 7.056558504700660706e-03 2.128445543348789215e-02 3.353115916252136230e-02 1.273343898355960846e-02 1.127799879759550095e-02 8.942965418100357056e-03
6.959655322134494781e-03 9.531281888484954834e-03 6.958818063139915466e-03 1.484980341047048569e-02 1.264188997447490692e-02 5.971923004835844040e-03 1.071512792259454727e-02 7.394126616418361664e-03 1.277589052915573120e-02 1.381880324333906174e-02 9.473912715911865234e-01 4.280335735529661179e-03
