-9.292656183242797852e-01 -1.337494850158691406e+00 -1.793661713600158691e+00 -7.624014616012573242e-01 -6.707088351249694824e-01 -4.917269051074981689e-01 -6.351597607135772705e-02 -9.027664065361022949e-01 -1.572219133377075195e+00 4.853870391845703125e+00 3.381735384464263916e-01 -1.329361945390701294e-01 -1.189054012298583984e+00
3.430284023284912109e+00 -6.193308234214782715e-01 5.607169270515441895e-01 -1.830405235290527344e+00 -4.423285126686096191e-01 -4.052809774875640869e-01 1.540549397468566895e-01 -1.400249838829040527e+00 -9.325984716415405273e-01 -9.188997149467468262e-01 -6.516821384429931641e-01 -8.939060568809509277e-01 -9.650625586509704590e-01
-3.907060921192169189e-01 -1.486415266990661621e+00 -1.507061004638671875e+00 -1.433760046958923340e+00 3.371277093887329102e+00 -8.207553029060363770e-01 -3.814405202865600586e-01 -1.011947154998779297e+00 -1.519207835197448730e+00 -7.546887397766113281e-01 1.994557023048400879e+00 -7.125225663185119629e-01 -3.490377962589263916e-02
-8.357761502265930176e-01 -1.375886559486389160e+00 -1.776460409164428711e+00 -1.049416899681091309e+00 -8.152567148208618164e-01 -6.707784533500671387e-01 6.715450882911682129e-01 -8.513412475585937500e-01 -1.465683460235595703e+00 4.636672496795654297e+00 2.664823532104492188e-01 -2.736595645546913147e-02 -1.179952979087829590e+00
1.877151131629943848e-01 -1.669427871704101562e+00 -9.848193526268005371e-01 -1.979247570037841797e+00 -1.146360993385314941e+00 -1.070306420326232910e+00 4.464076995849609375e+00 -9.168479442596435547e-01 2.043929100036621094e-01 -4.250215590000152588e-01 4.918474256992340088e-01 -8.926150202751159668e-01 -8.576168417930603027e-01
-1.071703791618347168e+00 -1.723551154136657715e+00 -2.086882352828979492e+00 -1.051127076148986816e+00 -6.369853615760803223e-01 -8.863897323608398438e-01 9.593607783317565918e-01 -4.699901640415191650e-01 -1.473561167716979980e+00 4.486119270324707031e+00 1.097701668739318848e+00 -5.212190747261047363e-01 -1.436069369316101074e+00
-1.550186038017272949e+00 -1.354437351226806641e+00 -8.653078079223632812e-01 4.590258598327636719e+00 -1.581080079078674316e+00 -1.983707845211029053e-01 -9.445447325706481934e-01 -1.555994004011154175e-01 -4.843170344829559326e-01 -6.439532339572906494e-02 6.708728075027465820e-01 -5.157923102378845215e-01 -1.032631158828735352e+00
3.817387670278549194e-02 3.337054252624511719e+00 -5.444822311401367188e-01 -1.289566516876220703e+00 -1.025045156478881836e+00 1.555661320686340332e+00 -7.098910808563232422e-01 -6.814869046211242676e-01 -9.522578716278076172e-01 -6.030927300453186035e-01 -9.412445425987243652e-01 -8.964541554450988770e-01 -1.202706217765808105e+00
-6.853391528129577637e-01 -2.410666942596435547e+00 -1.396378755569458008e+00 -1.068715095520019531e+00 -7.714996337890625000e-01 -8.262373805046081543e-01 2.099780321121215820e+00 -1.183358907699584961e+00 -4.079062938690185547e-01 -8.206256031990051270e-01 4.702816009521484375e+00 -1.075471043586730957e+00 -1.407999753952026367e+00
-8.461571335792541504e-01 -1.106687188148498535e+00 -1.644170761108398438e+00 -6.577447056770324707e-01 -8.398199677467346191e-01 -3.977738618850708008e-01 -5.832400545477867126e-02 -7.691810131072998047e-01 -1.509961009025573730e+00 4.851660728454589844e+00 -9.291118383407592773e-02 -1.372818797826766968e-01 -1.090561389923095703e+00
-1.556417703628540039e+00 -1.389565467834472656e+00 -8.250658512115478516e-01 4.641117572784423828e+00 -1.707793354988098145e+00 -3.541487455368041992e-01 -9.987035989761352539e-01 2.232639789581298828e-01 -3.877954781055450439e-01 -3.726838231086730957e-01 8.530045151710510254e-01 -7.413424849510192871e-01 -1.112597227096557617e+00
-1.050444841384887695e+00 -2.330093860626220703e+00 -1.910269379615783691e+00 -8.656398653984069824e-01 -5.678128600120544434e-01 -8.307029008865356445e-01 1.361144185066223145e+00 -1.059036850929260254e+00 -1.184805512428283691e+00 7.578632235527038574e-01 4.847327709197998047e+00 -7.570715546607971191e-01 -1.724403619766235352e+00
-9.857851862907409668e-01 -1.333157658576965332e+00 -1.986043810844421387e+00 -6.358102560043334961e-01 -7.116680741310119629e-01 -3.816497921943664551e-01 9.451686590909957886e-02 -9.174219369888305664e-01 -1.621023893356323242e+00 4.878898620605468750e+00 7.330430746078491211e-01 -2.934214770793914795e-01 -1.293881416320800781e+00
-1.012312889099121094e+00 -9.392132759094238281e-01 -1.064814448356628418e+00 1.400226913392543793e-02 -1.086085796356201172e+00 -6.108728051185607910e-01 -7.298675179481506348e-01 3.976435184478759766e+00 -3.341108560562133789e-01 -2.396067827939987183e-01 -4.061569571495056152e-01 -1.139220476150512695e+00 -4.097339808940887451e-01
-7.689499855041503906e-01 -1.407057523727416992e+00 -1.793943762779235840e+00 -9.462171792984008789e-01 -6.884017586708068848e-01 -6.769643425941467285e-01 2.582215666770935059e-01 -9.257878065109252930e-01 -1.493738412857055664e+00 4.753304958343505859e+00 3.389538824558258057e-01 -4.628835245966911316e-02 -1.153416633605957031e+00
-1.180924415588378906e+00 -1.755045175552368164e+00 2.469963878393173218e-01 3.566277265548706055e+00 -1.828417778015136719e+00 -5.203722119331359863e-01 -1.219653129577636719e+00 -2.517949640750885010e-01 1.612760424613952637e-01 -1.085598111152648926e+00 1.052325367927551270e+00 -7.945320010185241699e-01 -9.016211032867431641e-01
-8.490622043609619141e-01 -1.332925558090209961e+00 -1.730484008789062500e+00 -9.308608770370483398e-01 -5.990239381790161133e-01 -6.223045587539672852e-01 2.854537367820739746e-01 -9.374251961708068848e-01 -1.503383994102478027e+00 4.742135524749755859e+00 1.516790091991424561e-01 -7.021510601043701172e-02 -1.102511882781982422e+00
-1.146917104721069336e+00 -1.444353938102722168e+00 -8.658011555671691895e-01 3.473978757858276367e+00 -1.625962853431701660e+00 -2.959673106670379639e-01 -1.096561074256896973e+00 -1.508212536573410034e-01 -5.990650653839111328e-01 -4.107420742511749268e-01 1.665807366371154785e+00 -9.026642441749572754e-01 -1.112152934074401855e+00
-9.266486167907714844e-01 -1.257755517959594727e+00 -1.855029582977294922e+00 -8.655359745025634766e-01 -6.890672445297241211e-01 -4.235568046569824219e-01 8.515638113021850586e-02 -8.383433818817138672e-01 -1.509513735771179199e+00 4.976687431335449219e+00 2.390930950641632080e-01 -2.261908650398254395e-01 -1.189239621162414551e+00
-6.246897950768470764e-02 3.378849983215332031e+00 -5.806480050086975098e-01 -1.341533780097961426e+00 -9.862424731254577637e-01 1.659810185432434082e+00 -7.598609328269958496e-01 -7.595735788345336914e-01 -9.325328469276428223e-01 -6.685429215431213379e-01 -8.040133714675903320e-01 -8.511400818824768066e-01 -1.221133470535278320e+00
-1.039842009544372559e+00 -1.408221483230590820e+00 -2.009205818176269531e+00 -5.877183675765991211e-01 -8.907091021537780762e-01 -4.651377797126770020e-01 6.867175549268722534e-02 -7.314062118530273438e-01 -1.494856715202331543e+00 4.922774791717529297e+00 8.894189596176147461e-01 -4.452421069145202637e-01 -1.414940714836120605e+00
-6.421308964490890503e-03 -1.647274136543273926e+00 -1.029243588447570801e+00 -1.983234524726867676e+00 -9.553090929985046387e-01 -1.129634618759155273e+00 4.446971893310546875e+00 -8.707424402236938477e-01 2.150752842426300049e-01 -5.692832469940185547e-01 6.714307665824890137e-01 -8.696231245994567871e-01 -8.881195783615112305e-01
-9.446703195571899414e-01 -1.363248229026794434e+00 -1.764511466026306152e+00 -7.199072837829589844e-01 -8.777256011962890625e-01 -6.399585008621215820e-01 4.640937149524688721e-01 -7.849123477935791016e-01 -1.475700259208679199e+00 4.791475772857666016e+00 2.582785785198211670e-01 -8.599893748760223389e-02 -1.195156931877136230e+00
-9.844163656234741211e-01 -1.948101043701171875e+00 -1.580240607261657715e+00 -3.585681319236755371e-01 1.850659251213073730e-01 -3.887842893600463867e-01 -2.342131733894348145e-01 -9.911835193634033203e-01 -1.118932366371154785e+00 -6.060253381729125977e-01 5.084414958953857422e+00 -1.046583414077758789e+00 -9.667527675628662109e-01
-2.313715815544128418e-01 -2.020812034606933594e+00 -1.202588915824890137e+00 -1.752992510795593262e+00 -1.275439143180847168e+00 -1.098806381225585938e+00 4.662923336029052734e+00 -9.475342035293579102e-01 -1.197536662220954895e-01 -1.254860609769821167e-01 1.387758612632751465e+00 -8.833952546119689941e-01 -1.091163754463195801e+00
1.673082411289215088e-01 -1.697379946708679199e+00 -1.033422470092773438e+00 -1.948607802391052246e+00 -9.959734082221984863e-01 -1.070418953895568848e+00 4.510239124298095703e+00 -8.325518965721130371e-01 1.713334918022155762e-01 -4.434069097042083740e-01 3.541117012500762939e-01 -9.462090134620666504e-01 -8.117915987968444824e-01
-8.151012659072875977e-01 -1.421141028404235840e+00 6.102762222290039062e-01 -1.029317617416381836e+00 -1.549262762069702148e+00 -1.215314149856567383e+00 3.335613012313842773e-01 -5.323738455772399902e-01 3.634697675704956055e+00 -1.881236553192138672e+00 -8.285097777843475342e-02 -1.357199311256408691e+00 -3.746971786022186279e-01
-1.506901979446411133e+00 -1.434923171997070312e+00 -6.551203727722167969e-01 4.608581542968750000e+00 -1.772063851356506348e+00 -4.367800354957580566e-01 -1.123215556144714355e+00 6.592935919761657715e-01 -1.720765531063079834e-01 -5.433091521263122559e-01 3.007555902004241943e-01 -8.838004469871520996e-01 -9.279559850692749023e-01
-1.414342999458312988e+00 -2.310613393783569336e+00 -1.706833004951477051e+00 -8.948531001806259155e-02 -6.179933547973632812e-01 -7.587462067604064941e-01 7.575625777244567871e-01 -1.045548677444458008e+00 -6.648601293563842773e-01 -3.724883794784545898e-01 5.415406227111816406e+00 -8.092846274375915527e-01 -1.427227497100830078e+00
7.858875989913940430e-01 -1.019658565521240234e+00 3.020040988922119141e+00 -9.874745607376098633e-01 -1.280572652816772461e+00 -7.663260102272033691e-01 -1.026257991790771484e+00 -8.966131806373596191e-01 7.641767859458923340e-01 -1.968024849891662598e+00 -8.993099331855773926e-01 -1.072361826896667480e+00 -5.733594894409179688e-01
-8.276680707931518555e-01 -1.742951869964599609e+00 -1.916620373725891113e+00 -1.336491584777832031e+00 -1.848962903022766113e-01 -7.621679306030273438e-01 7.864091992378234863e-01 -1.196160435676574707e+00 -1.662946105003356934e+00 3.890865325927734375e+00 1.576647400856018066e+00 -9.209971129894256592e-02 -1.346595048904418945e+00
-8.403282165527343750e-01 -1.525404214859008789e+00 3.379068970680236816e-01 -1.072149634361267090e+00 -1.496708631515502930e+00 -1.207991242408752441e+00 5.411571860313415527e-01 -4.518809914588928223e-01 3.662957906723022461e+00 -1.697234392166137695e+00 -6.392400711774826050e-02 -1.319198966026306152e+00 -3.625450730323791504e-01
-5.427936315536499023e-01 -8.989467024803161621e-01 -7.530408501625061035e-01 -8.706640601158142090e-01 -1.047791242599487305e-01 -6.822957992553710938e-01 -5.641045570373535156e-01 -1.135232806205749512e+00 -1.092755079269409180e+00 -6.325873136520385742e-01 1.276457309722900391e-01 3.835692167282104492e+00 -2.482501715421676636e-01
-5.264921784400939941e-01 -8.003272414207458496e-01 -8.121359944343566895e-01 -7.832043766975402832e-01 -2.990736663341522217e-01 -5.895311832427978516e-01 -6.082625389099121094e-01 -1.095709443092346191e+00 -1.104330301284790039e+00 -6.176474690437316895e-01 1.882896423339843750e-01 3.842411041259765625e+00 -3.578122854232788086e-01
-4.507930874824523926e-01 1.035594224929809570e+00 -1.624759554862976074e+00 -7.123041152954101562e-01 -6.360886693000793457e-01 2.798614501953125000e+00 -1.002001881599426270e+00 -6.706359386444091797e-01 -1.444844365119934082e+00 4.768472611904144287e-01 9.278092980384826660e-01 -7.880214452743530273e-01 -1.313110947608947754e+00
-5.564637184143066406e-01 -2.297025203704833984e+00 -1.418981075286865234e+00 -1.648644924163818359e+00 -1.142657160758972168e+00 -1.193872332572937012e+00 4.362915039062500000e+00 -9.356417655944824219e-01 -1.841085851192474365e-01 -1.342844516038894653e-01 2.370244264602661133e+00 -9.614884257316589355e-01 -1.252181291580200195e+00
-9.805122017860412598e-01 -8.412174582481384277e-01 -1.166599154472351074e+00 1.452970653772354126e-01 -1.020487070083618164e+00 -5.518979430198669434e-01 -6.102613210678100586e-01 3.855988740921020508e+00 -5.043853521347045898e-01 -1.539545692503452301e-02 -5.472153425216674805e-01 -1.120151281356811523e+00 -4.169386625289916992e-01
-7.486767768859863281e-01 -1.116483092308044434e+00 -1.596701025962829590e+00 -8.575937747955322266e-01 -7.993145585060119629e-01 -4.789736270904541016e-01 1.788655519485473633e-01 -8.315333127975463867e-01 -1.455924868583679199e+00 4.788065433502197266e+00 -1.976395845413208008e-01 -1.129605025053024292e-01 -1.050800085067749023e+00
-9.700681567192077637e-01 -1.224985837936401367e+00 -1.782074928283691406e+00 -5.136876702308654785e-01 -9.481214880943298340e-01 -4.036818444728851318e-01 1.434093713760375977e-01 -6.257197260856628418e-01 -1.517070055007934570e+00 4.955434799194335938e+00 2.047944664955139160e-01 -3.126742839813232422e-01 -1.228974938392639160e+00
-9.188414216041564941e-01 -1.366238117218017578e+00 -1.271336555480957031e+00 -5.409409999847412109e-01 -2.936931252479553223e-01 -9.030175805091857910e-01 -2.139714211225509644e-01 -1.416452288627624512e+00 -1.219133615493774414e+00 -1.397821456193923950e-01 1.473519802093505859e+00 3.364530801773071289e+00 -6.120917201042175293e-01
-1.103038311004638672e+00 -1.717285275459289551e+00 -1.976738683879375458e-02 -8.754693269729614258e-01 -1.594604611396789551e+00 -1.167357802391052246e+00 1.067525863647460938e+00 -7.699322104454040527e-01 3.290245771408081055e+00 -1.675831198692321777e+00 9.952945113182067871e-01 -1.183755278587341309e+00 -5.009130835533142090e-01
-8.740754723548889160e-01 -1.233871817588806152e+00 -1.809094667434692383e+00 -7.911734580993652344e-01 -8.533352017402648926e-01 -5.027159452438354492e-01 2.862280011177062988e-01 -7.421057224273681641e-01 -1.542563080787658691e+00 4.998036861419677734e+00 2.518805563449859619e-01 -1.982300430536270142e-01 -1.189611434936523438e+00
-1.763485312461853027e+00 -1.519981145858764648e+00 -1.479859948158264160e+00 4.064098358154296875e+00 -1.625124335289001465e+00 -3.341326117515563965e-01 -8.258332014083862305e-01 1.574271917343139648e-01 -8.005200624465942383e-01 8.616751432418823242e-01 1.081530451774597168e+00 -7.961421608924865723e-01 -1.172022461891174316e+00
-5.565367639064788818e-02 -1.229678630828857422e+00 -1.037559390068054199e+00 -1.606818199157714844e+00 3.609904527664184570e+00 -9.364654421806335449e-01 2.305115461349487305e-01 -1.071619272232055664e+00 -1.182741522789001465e+00 -7.634453773498535156e-01 6.213552355766296387e-01 -4.807047247886657715e-01 1.174151301383972168e-01
-8.895400166511535645e-01 -1.213153243064880371e+00 -1.761559009552001953e+00 -7.472264766693115234e-01 -6.726540327072143555e-01 -3.457024097442626953e-01 -6.030588224530220032e-02 -8.847404718399047852e-01 -1.569882869720458984e+00 4.887184619903564453e+00 2.025531530380249023e-01 -1.692160815000534058e-01 -1.134954333305358887e+00
-8.585979342460632324e-01 -2.236706018447875977e+00 -1.588445544242858887e+00 -1.070092916488647461e+00 -3.745650053024291992e-01 -1.036302328109741211e+00 2.224535465240478516e+00 -1.038714408874511719e+00 -7.747978568077087402e-01 -3.418438732624053955e-01 4.305500030517578125e+00 -8.744496703147888184e-01 -1.451648473739624023e+00
-8.835225701332092285e-01 -1.215627789497375488e+00 -1.796117663383483887e+00 -7.061601877212524414e-01 -8.746594786643981934e-01 -4.570379257202148438e-01 8.557558059692382812e-02 -6.940307617187500000e-01 -1.555772781372070312e+00 4.995794773101806641e+00 2.198715507984161377e-01 -2.756243944168090820e-01 -1.221582770347595215e+00
-1.043530583381652832e+00 -1.325335025787353516e+00 -2.092454671859741211e+00 -4.694247841835021973e-01 2.503008842468261719e-01 5.179958343505859375e-01 -6.027969121932983398e-01 -1.023015260696411133e+00 -1.505211472511291504e+00 6.505371928215026855e-01 4.321515560150146484e+00 -1.024325966835021973e+00 -1.324000239372253418e+00
-1.035007476806640625e+00 -2.277036905288696289e+00 -1.848155379295349121e+00 -4.948868751525878906e-01 1.141945719718933105e+00 -8.095359206199645996e-01 6.898233294486999512e-02 -1.135749340057373047e+00 -1.194546461105346680e+00 -4.253396987915039062e-01 4.611120700836181641e+00 -9.935067296028137207e-01 -9.525136351585388184e-01
-2.854506671428680420e-01 -1.984177947044372559e+00 -1.300831913948059082e+00 -1.834409952163696289e+00 -1.131558656692504883e+00 -1.124456524848937988e+00 4.506876468658447266e+00 -9.671175479888916016e-01 -6.399849802255630493e-02 -2.904023528099060059e-01 1.621123909950256348e+00 -9.548427462577819824e-01 -1.055032014846801758e+00
-1.047858238220214844e+00 -2.376918077468872070e+00 -1.756556034088134766e+00 -1.067511796951293945e+00 -1.054136514663696289e+00 -8.794841766357421875e-01 2.592575788497924805e+00 -1.078429341316223145e+00 -5.348371267318725586e-01 1.813206821680068970e-01 4.435116291046142578e+00 -1.017815351486206055e+00 -1.689808249473571777e+00
1.127893105149269104e-01 -1.712070345878601074e+00 -1.346124649047851562e+00 -1.073321938514709473e+00 -1.631242632865905762e-01 -2.227932661771774292e-01 2.904596328735351562e-01 -1.317109942436218262e+00 -1.137017965316772461e+00 -6.246207952499389648e-01 4.571404933929443359e+00 -8.792452216148376465e-01 -1.485899925231933594e+00
-1.636711120605468750e+00 -1.470064282417297363e+00 -8.454643487930297852e-01 4.732631683349609375e+00 -1.711630344390869141e+00 -3.798041939735412598e-01 -1.097777724266052246e+00 3.457697331905364990e-01 -2.113490402698516846e-01 -6.380733847618103027e-01 7.812827825546264648e-01 -7.231219410896301270e-01 -9.216590523719787598e-01
-9.835389852523803711e-01 -1.469849348068237305e+00 -1.945467233657836914e+00 -8.360108137130737305e-01 -7.253776192665100098e-01 -6.466350555419921875e-01 2.997244894504547119e-01 -8.495571017265319824e-01 -1.462392568588256836e+00 4.868999958038330078e+00 4.964452087879180908e-01 -3.225598335266113281e-01 -1.297993779182434082e+00
-1.204723119735717773e+00 -2.176015377044677734e+00 -4.970348775386810303e-01 -3.979985117912292480e-01 -1.623720407485961914e+00 -1.353237628936767578e+00 1.560262084007263184e+00 -7.640970945358276367e-01 2.531844377517700195e+00 -1.874997258186340332e+00 2.250741004943847656e+00 -1.209554076194763184e+00 -5.897099971771240234e-01
3.214320898056030273e+00 -5.815854668617248535e-01 8.435543775558471680e-01 -1.887165307998657227e+00 -3.222905993461608887e-01 -4.398808479309082031e-01 -6.785133481025695801e-02 -1.340311169624328613e+00 -8.125869035720825195e-01 -1.389819264411926270e+00 -3.991719782352447510e-01 -9.828472137451171875e-01 -9.701390862464904785e-01
-2.219069600105285645e-01 3.343078374862670898e+00 -7.773388624191284180e-01 -1.227760076522827148e+00 -1.015914678573608398e+00 1.776229143142700195e+00 -6.575431823730468750e-01 -5.117187500000000000e-01 -9.063256382942199707e-01 -5.681844353675842285e-01 -7.022687196731567383e-01 -9.677014946937561035e-01 -1.188321471214294434e+00
-1.673360586166381836e+00 -1.575385451316833496e+00 -1.028189301490783691e+00 4.624899864196777344e+00 -1.592230081558227539e+00 -4.040835499763488770e-01 -1.078961730003356934e+00 5.589202642440795898e-01 -4.645759165287017822e-01 -4.955097734928131104e-01 8.203022480010986328e-01 -8.960546255111694336e-01 -8.164854049682617188e-01
-1.022983551025390625e+00 -1.033813118934631348e+00 -4.793712198734283447e-01 -7.196264266967773438e-01 6.527922153472900391e-01 -1.013363718986511230e+00 -6.480314731597900391e-01 -1.884913146495819092e-01 -2.994276583194732666e-02 -1.433795690536499023e+00 6.729723513126373291e-02 -2.839687764644622803e-01 3.836060285568237305e+00
-1.107568740844726562e+00 -1.022479176521301270e+00 -1.135771870613098145e+00 3.157330155372619629e-01 -1.181584835052490234e+00 -5.546516776084899902e-01 -6.833805441856384277e-01 4.060387134552001953e+00 -3.023744225502014160e-01 -3.320806622505187988e-01 -4.279497265815734863e-01 -1.188233017921447754e+00 -4.466888904571533203e-01
-1.651668548583984375e+00 -1.460141658782958984e+00 -1.053158760070800781e+00 4.558993816375732422e+00 -1.616877079010009766e+00 -3.327057361602783203e-01 -1.034069418907165527e+00 -1.342320442199707031e-01 -4.930886924266815186e-01 -3.858897387981414795e-01 1.272668004035949707e+00 -5.564324259757995605e-01 -9.523737430572509766e-01
-7.892059087753295898e-01 -1.218695044517517090e+00 -1.768425703048706055e+00 -8.947947025299072266e-01 -8.392617702484130859e-01 -5.508077740669250488e-01 3.055314719676971436e-01 -7.284771203994750977e-01 -1.514232516288757324e+00 4.913537979125976562e+00 -6.956093013286590576e-02 -1.071648895740509033e-01 -1.109473347663879395e+00
-8.732177019119262695e-01 -1.438137769699096680e+00 -1.737035632133483887e+00 -1.069752335548400879e+00 -8.433954119682312012e-01 -7.196581959724426270e-01 6.334484219551086426e-01 -8.847659230232238770e-01 -1.460698127746582031e+00 4.688581466674804688e+00 4.538097083568572998e-01 -9.228497743606567383e-02 -1.219346523284912109e+00
-1.126786947250366211e+00 -1.342873692512512207e+00 -2.047492027282714844e+00 -5.018605589866638184e-01 -8.437466621398925781e-01 -3.289782106876373291e-01 -4.666413646191358566e-03 -8.290874958038330078e-01 -1.613943934440612793e+00 4.830429077148437500e+00 9.831237196922302246e-01 -4.058769047260284424e-01 -1.415427446365356445e+00
-1.662508726119995117e+00 -2.294329166412353516e+00 -1.362181782722473145e+00 3.135849535465240479e-01 -1.068699717521667480e+00 -9.725376367568969727e-01 5.910949707031250000e-01 -9.287685155868530273e-01 3.722750246524810791e-01 -1.202779173851013184e+00 4.901513576507568359e+00 -9.804223775863647461e-01 -1.112488031387329102e+00
-8.715313673019409180e-01 -2.089825153350830078e+00 -1.676297187805175781e+00 -4.873664975166320801e-01 -3.449719250202178955e-01 -4.370882809162139893e-01 2.781134843826293945e-01 -1.185805439949035645e+00 -9.874974489212036133e-01 -6.263642758131027222e-02 5.279876708984375000e+00 -9.872440695762634277e-01 -1.489609003067016602e+00
1.027410984039306641e+00 -1.090658068656921387e+00 2.910181760787963867e+00 -1.189132809638977051e+00 -9.460269808769226074e-01 -7.500538229942321777e-01 -1.037731170654296875e+00 -7.651349306106567383e-01 3.820368647575378418e-01 -1.933999776840209961e+00 -8.742420673370361328e-01 -9.146479368209838867e-01 -3.233800828456878662e-01
-4.591094255447387695e-01 1.433705806732177734e+00 -1.406411409378051758e+00 -8.495129346847534180e-01 -6.555550098419189453e-01 2.830904960632324219e+00 -1.007822632789611816e+00 -6.451585292816162109e-01 -1.375988006591796875e+00 -1.114014908671379089e-01 9.466844201087951660e-01 -1.048113346099853516e+00 -1.266643762588500977e+00
-1.355557799339294434e+00 -2.358242034912109375e+00 -9.902827143669128418e-01 -4.625957310199737549e-01 -1.110515236854553223e+00 -1.025810241699218750e+00 1.147724747657775879e+00 -9.926897287368774414e-01 8.336262702941894531e-01 -1.403172373771667480e+00 4.477707386016845703e+00 -1.221952438354492188e+00 -9.271234869956970215e-01
3.180320739746093750e+00 -1.018936038017272949e+00 1.231932193040847778e-01 -1.727581143379211426e+00 -3.941777050495147705e-01 -4.123785793781280518e-01 1.867404729127883911e-01 -1.695424795150756836e+00 -1.118926405906677246e+00 -8.450707793235778809e-01 5.187724828720092773e-01 -9.196222424507141113e-01 -1.148375511169433594e+00
-1.172817349433898926e+00 -2.315987110137939453e+00 -1.475196957588195801e+00 -6.125206351280212402e-01 -7.071106433868408203e-01 -7.744572758674621582e-01 1.493857026100158691e+00 -1.132757067680358887e+00 -2.066953182220458984e-01 -1.008052825927734375e+00 4.959790706634521484e+00 -1.022398471832275391e+00 -1.315060496330261230e+00
5.342479795217514038e-03 3.321501016616821289e+00 -5.969022512435913086e-01 -1.353552103042602539e+00 -9.679448008537292480e-01 1.583834648132324219e+00 -5.814589262008666992e-01 -7.401238083839416504e-01 -9.842134118080139160e-01 -6.185942888259887695e-01 -7.808152437210083008e-01 -8.751617074012756348e-01 -1.173813343048095703e+00
-6.445295810699462891e-01 -9.375865459442138672e-01 -1.625152826309204102e+00 -9.703482985496520996e-01 -8.398468494415283203e-01 -4.743539094924926758e-01 1.250863969326019287e-01 -6.731929183006286621e-01 -1.533477902412414551e+00 4.809678077697753906e+00 -4.363120496273040771e-01 -1.184308528900146484e-01 -1.143876791000366211e+00
-1.186428904533386230e+00 -1.143399953842163086e+00 -5.403662919998168945e-01 -6.401880979537963867e-01 5.328671336174011230e-01 -1.079031586647033691e+00 -6.443806886672973633e-01 -1.507288813591003418e-01 -9.989418089389801025e-03 -1.514241576194763184e+00 2.580316066741943359e-01 -3.514882624149322510e-01 3.857940912246704102e+00
-8.698786050081253052e-02 -1.052385926246643066e+00 -1.082030892372131348e+00 -1.471847534179687500e+00 4.069401264190673828e+00 -7.534890174865722656e-01 -6.337097883224487305e-01 -7.603721618652343750e-01 -1.355173587799072266e+00 -5.917125940322875977e-01 -3.678098320960998535e-03 -3.278816640377044678e-01 6.473206877708435059e-01
-1.239348053932189941e+00 -2.205257177352905273e+00 -1.538024902343750000e+00 -2.138137370347976685e-01 4.969797730445861816e-01 -8.641338348388671875e-01 -9.708373248577117920e-02 -1.016804814338684082e+00 -6.947054266929626465e-01 -1.176212906837463379e+00 4.687498092651367188e+00 -1.066624879837036133e+00 -3.420086801052093506e-01
-1.049620270729064941e+00 -1.183662056922912598e+00 -5.227068662643432617e-01 -9.045296907424926758e-01 9.333930015563964844e-01 -1.087824940681457520e+00 -6.128754615783691406e-01 -2.332233637571334839e-01 -3.144093602895736694e-02 -1.597748637199401855e+00 2.063530683517456055e-01 -4.062620401382446289e-01 3.786419630050659180e+00
-9.844101667404174805e-01 -9.426091313362121582e-01 -1.053233504295349121e+00 4.811128601431846619e-03 -1.044708967208862305e+00 -6.350352764129638672e-01 -7.511038780212402344e-01 3.981558561325073242e+00 -3.236368000507354736e-01 -3.240843713283538818e-01 -3.788324892520904541e-01 -1.192375063896179199e+00 -4.018451273441314697e-01
-9.553657174110412598e-01 -2.434450626373291016e+00 -1.693232774734497070e+00 -7.435495853424072266e-01 -3.723945319652557373e-01 -7.636069059371948242e-01 1.322911977767944336e+00 -1.181703805923461914e+00 -9.158839583396911621e-01 -3.708558678627014160e-01 5.175208568572998047e+00 -8.866757750511169434e-01 -1.528028249740600586e+00
-8.455590009689331055e-01 -1.209745764732360840e+00 -1.717473745346069336e+00 -8.956922888755798340e-01 -7.844502329826354980e-01 -4.940424859523773193e-01 1.952976286411285400e-01 -6.891491413116455078e-01 -1.545104980468750000e+00 4.896853446960449219e+00 8.790799230337142944e-02 -1.045057326555252075e-01 -1.156164526939392090e+00
-8.539763689041137695e-01 -1.169688105583190918e+00 -1.698366403579711914e+00 -8.510851860046386719e-01 -7.791081666946411133e-01 -4.174308776855468750e-01 1.090123578906059265e-01 -8.550430536270141602e-01 -1.579401254653930664e+00 4.931758403778076172e+00 1.534843742847442627e-01 -4.915113374590873718e-02 -1.179713249206542969e+00
-1.593080282211303711e+00 -2.381877422332763672e+00 -2.050593852996826172e+00 3.282852172851562500e-01 -1.554272770881652832e-01 -7.989768981933593750e-01 -1.501466613262891769e-03 -7.960764169692993164e-01 -1.384778738021850586e+00 1.295387625694274902e+00 4.706343650817871094e+00 -7.167820334434509277e-01 -1.471002101898193359e+00
-1.101983547210693359e+00 -1.438094377517700195e+00 -2.028277397155761719e+00 -1.018089294433593750e+00 -3.633726239204406738e-01 -4.770993590354919434e-01 4.187894985079765320e-02 -1.036434531211853027e+00 -1.605809569358825684e+00 4.569895267486572266e+00 1.301882743835449219e+00 -2.967945337295532227e-01 -1.347708344459533691e+00
-1.744199037551879883e+00 -1.754536271095275879e+00 -1.240134239196777344e+00 4.331301212310791016e+00 -1.509925127029418945e+00 -4.734866321086883545e-01 -1.200001001358032227e+00 6.918424963951110840e-01 -7.281020879745483398e-01 -2.444378882646560669e-01 9.875745177268981934e-01 -6.747056245803833008e-01 -1.022364735603332520e+00
-2.381870895624160767e-02 -2.065315008163452148e+00 -1.214774370193481445e+00 -1.914011716842651367e+00 -9.910621047019958496e-01 -1.161290049552917480e+00 4.531064033508300781e+00 -1.053176045417785645e+00 -9.816848486661911011e-02 -5.594320893287658691e-01 1.425797820091247559e+00 -9.080390334129333496e-01 -1.111468315124511719e+00
-9.640263766050338745e-02 -1.268131017684936523e+00 -1.176364779472351074e+00 -1.365813016891479492e+00 4.103308677673339844e+00 -8.652710914611816406e-01 -4.637218117713928223e-01 -9.502810239791870117e-01 -1.436614513397216797e+00 -5.126048326492309570e-01 4.394376277923583984e-01 -4.736708104610443115e-01 2.919860780239105225e-01
-8.950502276420593262e-01 -1.399151682853698730e+00 -1.851714968681335449e+00 -9.062922000885009766e-01 -8.027395606040954590e-01 -7.246055006980895996e-01 5.538538694381713867e-01 -8.625143170356750488e-01 -1.441785812377929688e+00 4.936742305755615234e+00 2.782112658023834229e-01 -2.066109031438827515e-01 -1.197398424148559570e+00
-8.960282802581787109e-01 -2.016972780227661133e+00 -1.633325695991516113e+00 -6.169367432594299316e-01 -1.155031546950340271e-01 -5.180237889289855957e-01 3.783750236034393311e-01 -1.166162014007568359e+00 -1.110044836997985840e+00 -1.902630180120468140e-01 5.283150196075439453e+00 -9.260464310646057129e-01 -1.435462117195129395e+00
-7.998854517936706543e-01 -1.100966811180114746e+00 -1.680731415748596191e+00 -8.200907707214355469e-01 -9.032051563262939453e-01 -4.717745184898376465e-01 1.234360039234161377e-01 -6.184666752815246582e-01 -1.465094327926635742e+00 4.893251895904541016e+00 -1.575996577739715576e-01 -1.365925520658493042e-01 -1.106562614440917969e+00
-1.086737513542175293e+00 -1.761170387268066406e+00 -1.834492921829223633e+00 -3.936623036861419678e-01 -9.676825255155563354e-03 -2.772180140018463135e-01 3.676310554146766663e-02 -1.144786715507507324e+00 -1.249345898628234863e+00 -5.062823742628097534e-02 5.027570724487304688e+00 -8.579211831092834473e-01 -1.354322671890258789e+00
-7.399869561195373535e-01 -1.111746430397033691e+00 -1.741385102272033691e+00 -9.135753512382507324e-01 -8.111197352409362793e-01 -4.525365829467773438e-01 2.471569776535034180e-01 -8.424848318099975586e-01 -1.542115688323974609e+00 4.908225059509277344e+00 7.844910025596618652e-03 -1.091438531875610352e-01 -1.163687109947204590e+00
-5.937013030052185059e-01 -1.333736062049865723e+00 1.414401888847351074e+00 -1.013844251632690430e+00 -1.699466228485107422e+00 -1.180008888244628906e+00 -3.837189674377441406e-01 -5.028595328330993652e-01 3.488980293273925781e+00 -1.937834382057189941e+00 -3.687942326068878174e-01 -1.401258468627929688e+00 -3.059583008289337158e-01
-1.212157726287841797e+00 -2.125458478927612305e+00 -1.849324584007263184e+00 -6.385571956634521484e-01 5.233232378959655762e-01 -6.092236042022705078e-01 9.620193392038345337e-02 -8.571998476982116699e-01 -1.304054856300354004e+00 1.330647468566894531e-01 4.983378887176513672e+00 -6.976804137229919434e-01 -1.267862677574157715e+00
-1.867327988147735596e-01 2.020473957061767578e+00 -9.275632500648498535e-01 -7.516364455223083496e-01 -9.646052718162536621e-01 2.989644527435302734e+00 -1.044103145599365234e+00 -5.352055430412292480e-01 -1.173327207565307617e+00 -3.319031298160552979e-01 -4.280959367752075195e-01 -8.262438774108886719e-01 -1.215295076370239258e+00
-5.124741792678833008e-01 -9.517403841018676758e-01 -7.723605036735534668e-01 -9.097911119461059570e-01 1.215666383504867554e-01 -6.907741427421569824e-01 -5.304263234138488770e-01 -1.204047203063964844e+00 -1.183694005012512207e+00 -7.450689673423767090e-01 1.840447187423706055e-01 3.799057006835937500e+00 -2.617756724357604980e-01
-1.415641546249389648e+00 -1.500131845474243164e+00 -9.595145583152770996e-01 -3.419747948646545410e-01 5.430491566658020020e-01 -1.189759373664855957e+00 -7.164821028709411621e-01 -1.550388783216476440e-01 -3.017457127571105957e-01 -1.599499583244323730e+00 1.427683591842651367e+00 -6.295458674430847168e-01 3.382218837738037109e+00
-1.891940832138061523e+00 -1.909881949424743652e+00 -1.448345541954040527e+00 3.429386615753173828e+00 -1.286690235137939453e+00 -5.813090801239013672e-01 -9.617751836776733398e-01 -4.535452425479888916e-01 -7.673931121826171875e-01 -2.591365277767181396e-01 3.340606689453125000e+00 -9.255834221839904785e-01 -1.213135838508605957e+00
-8.722350597381591797e-01 -1.738106012344360352e+00 3.563286960124969482e-01 -1.118710279464721680e+00 -1.655117034912109375e+00 -1.242472887039184570e+00 8.247804045677185059e-01 -8.160641193389892578e-01 3.286286592483520508e+00 -1.814512133598327637e+00 1.135860443115234375e+00 -1.388860106468200684e+00 -5.715424418449401855e-01
-2.328687608242034912e-01 2.897698163986206055e+00 -9.710367918014526367e-01 -1.236742138862609863e+00 -1.022790789604187012e+00 2.235425472259521484e+00 -5.452136993408203125e-01 -7.826607227325439453e-01 -9.603452682495117188e-01 -5.653701424598693848e-01 4.120538383722305298e-02 -9.868075847625732422e-01 -1.346553564071655273e+00
-1.595693945884704590e+00 -2.385964632034301758e+00 -1.683640360832214355e+00 -3.645680099725723267e-02 -8.901625871658325195e-01 -8.844832181930541992e-01 1.055690646171569824e+00 -5.851680040359497070e-01 -4.187713265419006348e-01 -4.260541200637817383e-01 5.238772392272949219e+00 -1.067306518554687500e+00 -1.389462232589721680e+00
-1.106196284294128418e+00 -2.175885677337646484e+00 -1.865855932235717773e+00 -6.269537210464477539e-01 5.141621828079223633e-01 -6.567602753639221191e-01 1.966103762388229370e-01 -9.966750144958496094e-01 -1.175433993339538574e+00 -2.146590054035186768e-01 5.036915779113769531e+00 -9.781842827796936035e-01 -1.157784938812255859e+00
-8.975184559822082520e-01 -1.424706101417541504e+00 5.983425974845886230e-01 -9.535790681838989258e-01 -1.508908033370971680e+00 -1.177603125572204590e+00 2.541216015815734863e-01 -4.742085337638854980e-01 3.694240570068359375e+00 -1.865535497665405273e+00 -1.366245448589324951e-01 -1.350619435310363770e+00 -3.092343807220458984e-01
-7.026959657669067383e-01 -1.152844190597534180e+00 -1.612630963325500488e+00 -8.813420534133911133e-01 -8.685935139656066895e-01 -5.391323566436767578e-01 3.971229195594787598e-01 -7.712117433547973633e-01 -1.475480437278747559e+00 4.785574436187744141e+00 -2.114168405532836914e-01 -1.427121609449386597e-01 -1.083054184913635254e+00
-1.921505928039550781e-01 -1.101794719696044922e+00 -1.152469396591186523e+00 -1.479023575782775879e+00 4.093560695648193359e+00 -7.421733140945434570e-01 -6.680919528007507324e-01 -8.082001805305480957e-01 -1.320312619209289551e+00 -6.435547471046447754e-01 3.623141348361968994e-01 -5.311261415481567383e-01 6.223836541175842285e-01
-1.147191524505615234e+00 -1.055704832077026367e+00 -5.356032848358154297e-01 -6.984633207321166992e-01 4.884520471096038818e-01 -9.753021001815795898e-01 -6.500203609466552734e-01 -1.278667449951171875e-01 -2.256963402032852173e-02 -1.490445017814636230e+00 2.029359042644500732e-01 -3.934853672981262207e-01 3.908604383468627930e+00
-9.021028280258178711e-01 -1.423911452293395996e+00 -1.193398118019104004e+00 -4.238206148147583008e-01 -2.312925755977630615e-01 -8.467153310775756836e-01 -3.577900528907775879e-01 -1.376841902732849121e+00 -1.088579773902893066e+00 -5.577109456062316895e-01 1.764355540275573730e+00 3.307373285293579102e+00 -4.919304251670837402e-01
-2.060838937759399414e-01 -1.894217133522033691e+00 -1.104678988456726074e+00 -1.846178054809570312e+00 -1.023054599761962891e+00 -1.054819345474243164e+00 4.465264320373535156e+00 -8.607017993927001953e-01 1.074691936373710632e-01 -5.165250301361083984e-01 1.086960434913635254e+00 -8.736299276351928711e-01 -9.795969128608703613e-01
-9.930099844932556152e-01 -2.281969070434570312e+00 -1.879297733306884766e+00 -9.770535230636596680e-01 -6.122893095016479492e-01 -8.032416701316833496e-01 1.833559870719909668e+00 -1.135210871696472168e+00 -1.036826014518737793e+00 4.618573188781738281e-01 4.879891872406005859e+00 -1.005120396614074707e+00 -1.744315385818481445e+00
-9.635473489761352539e-01 -2.326320886611938477e+00 -1.602612853050231934e+00 -8.546249866485595703e-01 -8.992999792098999023e-01 -8.934720158576965332e-01 2.234102487564086914e+00 -1.233493566513061523e+00 -5.028429627418518066e-01 -6.400843262672424316e-01 4.764057159423828125e+00 -9.044443368911743164e-01 -1.510920047760009766e+00
-9.590080380439758301e-01 -9.409393668174743652e-01 -5.082290172576904297e-01 -8.539398312568664551e-01 7.536762356758117676e-01 -9.586739540100097656e-01 -5.616116523742675781e-01 -1.224307343363761902e-01 -1.438437402248382568e-01 -1.300161361694335938e+00 7.881391793489456177e-03 -4.041365385055541992e-01 3.801669359207153320e+00
-9.304037690162658691e-01 -1.445676684379577637e+00 3.336564898490905762e-01 -9.371616840362548828e-01 -1.564948558807373047e+00 -1.162547469139099121e+00 4.848158657550811768e-01 -5.659701824188232422e-01 3.657819986343383789e+00 -1.755491137504577637e+00 5.079367011785507202e-02 -1.255489945411682129e+00 -4.371180832386016846e-01
3.214320898056030273e+00 -5.815854668617248535e-01 8.435543775558471680e-01 -1.887165307998657227e+00 -3.222905993461608887e-01 -4.398808479309082031e-01 -6.785133481025695801e-02 -1.340311169624328613e+00 -8.125869035720825195e-01 -1.389819264411926270e+00 -3.991719782352447510e-01 -9.828472137451171875e-01 -9.701390862464904785e-01
-1.213380023837089539e-01 3.343128681182861328e+00 -5.697755813598632812e-01 -1.259675025939941406e+00 -1.070983409881591797e+00 1.634377956390380859e+00 -6.853919625282287598e-01 -7.115456461906433105e-01 -8.312705159187316895e-01 -6.277221441268920898e-01 -8.874018192291259766e-01 -8.639989495277404785e-01 -1.218147516250610352e+00
-6.556628346443176270e-01 -1.486151814460754395e+00 5.328073501586914062e-01 -1.100046753883361816e+00 -1.568369269371032715e+00 -1.252020597457885742e+00 5.533152222633361816e-01 -4.944967329502105713e-01 3.644976854324340820e+00 -1.733728170394897461e+00 -2.799936830997467041e-01 -1.365613818168640137e+00 -3.827886581420898438e-01
-1.755820274353027344e+00 -2.202768802642822266e+00 -1.661581397056579590e+00 1.583742260932922363e+00 -7.987958788871765137e-01 -6.631130576133728027e-01 -5.024069547653198242e-01 -6.166291832923889160e-01 -8.928782939910888672e-01 -1.968317776918411255e-01 4.879493236541748047e+00 -9.827926754951477051e-01 -1.252766489982604980e+00
-1.758197546005249023e-01 -1.222762227058410645e+00 -1.256796717643737793e+00 -1.421347737312316895e+00 4.114332675933837891e+00 -8.275452852249145508e-01 -6.146839261054992676e-01 -8.106521368026733398e-01 -1.428844094276428223e+00 -6.222321987152099609e-01 5.117860436439514160e-01 -3.992122113704681396e-01 5.975175499916076660e-01
-1.030100941658020020e+00 -8.770455121994018555e-01 -9.775415658950805664e-01 -1.654247380793094635e-02 -1.198201656341552734e+00 -6.606429219245910645e-01 -6.076490283012390137e-01 4.016474246978759766e+00 -1.929574608802795410e-01 -3.458057641983032227e-01 -4.438894093036651611e-01 -1.205365061759948730e+00 -4.584633708000183105e-01
-5.569832921028137207e-01 -1.047612428665161133e+00 -8.203482031822204590e-01 -9.153194427490234375e-01 -2.107405960559844971e-01 -6.365661621093750000e-01 -5.176507234573364258e-01 -1.112399220466613770e+00 -1.146790504455566406e+00 -3.723398745059967041e-01 3.368435204029083252e-01 3.825394868850708008e+00 -3.594515919685363770e-01
-8.954998254776000977e-01 -1.352764248847961426e+00 -1.855441451072692871e+00 -1.015006780624389648e+00 -6.217613816261291504e-01 -6.546590328216552734e-01 2.095506191253662109e-01 -6.809227466583251953e-01 -1.471071839332580566e+00 4.768950462341308594e+00 1.851730942726135254e-01 -1.081172227859497070e-01 -1.104011893272399902e+00
-8.341878056526184082e-01 -1.955907464027404785e+00 -2.015225887298583984e+00 -7.918801307678222656e-01 4.044907987117767334e-01 -7.746272683143615723e-01 8.888906836509704590e-01 -1.188674688339233398e+00 -1.273264646530151367e+00 2.727007269859313965e-01 4.204722881317138672e+00 -5.531998276710510254e-01 -1.242530226707458496e+00
-1.731704235076904297e+00 -1.474129080772399902e+00 -1.137284278869628906e+00 4.598587036132812500e+00 -1.603135704994201660e+00 -3.978713750839233398e-01 -1.091146111488342285e+00 3.179452121257781982e-01 -6.868680119514465332e-01 -8.403161168098449707e-02 9.081771969795227051e-01 -5.474421977996826172e-01 -9.928226470947265625e-01
-8.550652265548706055e-01 -1.304885268211364746e+00 -1.751306056976318359e+00 -8.646383881568908691e-01 -7.701647877693176270e-01 -6.043383479118347168e-01 2.973417937755584717e-01 -9.114156961441040039e-01 -1.525758147239685059e+00 4.738162994384765625e+00 1.916643381118774414e-01 -6.124856695532798767e-02 -1.194260001182556152e+00
-1.137502431869506836e+00 -2.087857007980346680e+00 -2.029969692230224609e+00 -1.312245368957519531e+00 -6.228990554809570312e-01 -1.043233633041381836e+00 1.432145595550537109e+00 -1.074160218238830566e+00 -1.383723139762878418e+00 3.238267421722412109e+00 2.779382944107055664e+00 -5.987155437469482422e-01 -1.648429274559020996e+00
-1.602480053901672363e+00 -2.119926691055297852e+00 -1.660311222076416016e+00 8.018189072608947754e-01 -7.533229589462280273e-01 -6.521659493446350098e-01 1.601547449827194214e-01 -8.514369130134582520e-01 -8.338165283203125000e-01 -8.099411427974700928e-02 5.143377780914306641e+00 -8.368971943855285645e-01 -1.449636220932006836e+00
-9.666824936866760254e-01 -1.430724620819091797e+00 -1.805153131484985352e+00 -1.012910962104797363e+00 -6.741703748703002930e-01 -7.427941560745239258e-01 4.337286353111267090e-01 -8.231682777404785156e-01 -1.520514011383056641e+00 4.778504371643066406e+00 3.057391047477722168e-01 -7.402250170707702637e-02 -1.163439869880676270e+00
